4294967278,167
4294967279,167
4294967278,166
4294967279,166
9,4
4294967278,165
9,3
9,2
9,1
4294967279,165
4294967278,164
4294967278,112
4294967278,102
4294967278,96
4294967278,91
4294967278,90
4294967278,87
4294967278,81
4294967278,75
4294967278,69
4294967279,107
4294967279,102
4294967279,97
4294967279,90
4294967279,89
4294967279,82
4294967279,76
4294967279,70
4294967279,64
4294967279,58
4294967279,53
4294967279,260
4294967279,6
4294967278,162
4294967279,162
4294967278,161
4294967294,50
4294967294,474
4294967279,48
4294967279,305
4294967278,159
8,4
4294967278,157
8,3
8,2
8,1
4294967278,156
4294967278,155
4294967278,154
7,4
7,3
7,2
7,1
4294967278,152
4294967294,114
4294967278,151
4294967279,453
4294967278,150
4294967294,977
6,6
4294967279,452
4294967279,538
6,5
6,4
6,3
6,2
6,1
4294967278,141
5,5
4294967294,89
5,4
5,3
5,2
5,1
4,5
4294967279,270
4,4
4,3
4,2
4,1
4294967279,279
4294967294,1660
4294967279,265
3,5
4294967279,264
4294967279,263
3,4
3,3
3,2
3,1
4294967279,262
4294967294,7
4294967279,258
4294967294,6
4294967294,96
2,4
4294967279,257
2,3
2,2
2,1
4294967294,9
4294967294,8
0,7
4294967294,45
4294967294,1
4294967294,1209
4294967294,44
4294967294,976
4294967294,51
4294967279,256
4294967294,81
4294967294,30
4294967294,471
4294967294,36
4294967294,39
4294967294,165
4294967294,113
4294967294,1108
4294967294,1118
4294967294,1109
4294967294,1103
4294967294,1102
4294967294,1012
4294967294,1009
4294967294,1007
4294967294,1006
4294967294,999
4294967294,997
4294967294,115
4294967294,387
4294967294,116
4294967294,161
4294967294,476
4294967294,1111
4294967294,1110
4294967294,11
4294967294,473
4294967294,1010
4294967294,1106
4294967294,22
4294967294,17
4294967294,42
4294967294,76
4294967294,41
4294967294,43
4294967294,1114
4294967294,14
4294967294,20
4294967294,18
4294967294,12
4294967294,104
4294967294,106
4294967294,470
4294967294,82
4294967294,83
4294967294,67
4294967294,68
4294967293,131
4294967293,130
4294967293,129
4294967293,128
4294967293,127
4294967293,126
4294967293,125
4294967293,124
4294967293,123
4294967293,122
4294967293,121
4294967293,120
4294967293,119
4294967293,118
4294967293,117
4294967293,116
4294967293,115
4294967293,114
4294967293,113
4294967293,112
4294967293,111
4294967293,110
4294967293,109
4294967293,108
4294967293,107
4294967293,106
4294967293,105
4294967293,104
4294967293,103
4294967293,102
4294967293,101
4294967293,100
4294967293,99
4294967293,98
4294967293,97
4294967293,96
4294967293,95
4294967293,94
4294967293,93
4294967293,92
4294967293,91
4294967293,90
4294967293,89
4294967293,87
4294967293,86
4294967293,85
4294967293,84
4294967293,83
4294967293,82
4294967293,81
4294967293,80
4294967293,79
4294967293,78
4294967293,77
4294967293,76
4294967293,75
4294967293,74
4294967293,73
4294967293,72
4294967293,71
4294967293,70
4294967293,69
4294967293,68
4294967293,67
4294967293,66
4294967293,65
4294967293,64
4294967293,63
4294967293,62
4294967293,61
4294967293,60
4294967293,59
4294967293,58
4294967293,57
4294967293,56
4294967293,55
4294967293,54
4294967293,53
4294967293,52
4294967293,51
4294967293,50
4294967293,49
4294967293,48
4294967293,47
4294967293,46
4294967293,45
4294967293,44
4294967293,43
4294967293,42
4294967293,41
4294967293,40
4294967293,39
4294967293,38
4294967293,37
4294967293,36
4294967293,35
4294967293,34
4294967293,33
4294967293,32
4294967293,31
4294967293,30
4294967293,29
4294967293,28
4294967293,27
4294967293,26
4294967293,25
4294967293,24
4294967293,23
4294967293,22
4294967293,21
4294967293,20
4294967293,19
4294967293,18
4294967293,17
4294967293,16
4294967293,15
4294967293,14
4294967293,13
4294967293,12
4294967293,11
4294967293,10
4294967293,9
4294967293,8
4294967293,7
4294967293,6
4294967293,5
4294967293,4
4294967293,3
4294967278,132
4294967278,131
4294967278,125
4294967278,114
4294967278,110
4294967278,229
4294967278,109
4294967278,227
4294967278,108
4294967278,225
4294967278,107
4294967278,223
4294967278,106
4294967278,221
4294967278,105
4294967278,219
4294967278,104
4294967278,103
4294967278,101
4294967278,100
4294967278,409
4294967278,99
4294967278,98
4294967278,97
4294967278,403
4294967278,95
4294967278,94
4294967278,93
4294967278,92
4294967278,89
4294967278,86
4294967278,85
4294967278,84
4294967278,83
4294967278,82
4294967278,80
4294967278,79
4294967278,405
4294967278,78
4294967278,77
4294967278,76
4294967278,74
4294967278,73
4294967278,72
4294967278,71
4294967278,70
4294967278,68
4294967278,67
4294967278,66
4294967278,63
4294967278,62
4294967278,61
4294967278,58
4294967278,57
4294967278,56
4294967278,53
4294967278,52
4294967278,51
4294967278,48
4294967278,47
4294967278,46
4294967278,43
4294967278,42
4294967278,41
4294967278,29
4294967278,18
4294967278,17
4294967278,16
4294967278,15
4294967278,13
4294967278,12
4294967278,10
4294967278,9
4294967278,8
4294967278,7
4294967278,6
4294967278,5
4294967278,88
4294967278,0
4294967279,108
4294967279,105
4294967279,104
4294967279,101
4294967279,331
4294967279,100
4294967279,335
4294967279,98
4294967279,334
4294967279,17
4294967279,174
4294967279,0
4294967294,5
4294967294,1426
4294967294,1864
4294967294,1117
4294967294,99
4294967294,1445
4294967278,406
4294967278,231
4294967279,332
4294967279,330
4294967278,404
4294967278,401
4294967294,2367
4294967294,1423
4294967294,1017
4294967294,1018
4294967294,24
4294967294,92
4294967294,91
4294967294,90
4294967294,88
4294967294,87
4294967294,86
4294967294,85
4294967294,84
4294967294,53
4294967294,417
4294967294,52
4294967294,936
4294967294,935
4294967294,933
4294967294,932
4294967294,929
4294967294,667
4294967294,928
4294967294,927
4294967294,926
4294967294,925
4294967294,923
4294967294,922
4294967294,921
4294967294,920
4294967294,919
4294967294,918
4294967294,916
4294967294,915
4294967294,911
4294967294,906
4294967294,903
4294967294,902
4294967294,900
4294967294,1861
4294967294,898
4294967294,897
4294967294,896
4294967294,895
4294967294,892
4294967294,1438
4294967294,663
4294967294,889
4294967294,888
4294967294,1408
4294967294,884
4294967294,883
4294967294,879
4294967294,878
4294967294,877
4294967294,1859
4294967294,874
4294967294,0
4294967294,872
4294967294,871
4294967294,870
4294967294,866
4294967294,865
4294967294,864
4294967294,863
4294967294,862
4294967294,861
4294967294,857
4294967294,853
4294967294,660
4294967294,850
4294967294,845
4294967294,844
4294967294,841
4294967294,840
4294967294,833
4294967294,832
4294967294,831
4294967294,2364
4294967294,830
4294967294,828
4294967294,826
4294967294,824
4294967294,823
4294967294,822
4294967294,820
4294967294,817
4294967294,1016
4294967294,813
4294967294,812
4294967294,810
4294967294,808
4294967294,807
4294967294,805
4294967294,802
4294967294,799
4294967294,796
4294967294,795
4294967294,791
4294967294,790
4294967294,789
4294967294,788
4294967294,787
4294967294,786
4294967294,785
4294967294,784
4294967294,665
4294967294,783
4294967294,781
4294967294,780
4294967294,777
4294967294,776
4294967294,773
4294967294,771
4294967294,653
4294967294,770
4294967294,765
4294967294,764
4294967294,762
4294967294,760
4294967294,759
4294967294,428
4294967294,758
4294967294,755
4294967294,754
4294967294,753
4294967294,752
4294967294,751
4294967294,750
4294967294,749
4294967294,1866
4294967294,748
4294967294,747
4294967294,744
4294967294,743
4294967294,739
4294967294,738
4294967294,737
4294967294,736
4294967294,735
4294967294,734
4294967294,733
4294967294,731
4294967294,727
4294967294,726
4294967294,725
4294967294,724
4294967294,723
4294967294,722
4294967294,29
4294967294,721
4294967294,720
4294967294,719
4294967294,718
4294967294,716
4294967294,715
4294967294,1439
4294967294,712
4294967294,710
4294967294,643
4294967294,707
4294967294,706
4294967294,704
4294967294,639
4294967294,637
4294967294,636
4294967294,633
4294967294,632
4294967294,631
4294967294,629
4294967294,627
4294967294,624
4294967294,621
4294967294,620
4294967294,618
4294967294,617
4294967294,613
4294967294,611
4294967294,610
4294967294,609
4294967294,607
4294967294,107
4294967294,26
4294967294,27
4294967294,606
4294967294,605
4294967294,575
4294967294,604
4294967294,25
4294967294,598
4294967294,597
4294967294,596
4294967294,595
4294967294,593
4294967294,592
4294967294,591
4294967294,46
4294967294,589
4294967294,28
1,3
1,0
4294967294,587
4294967294,585
4294967294,1208
4294967294,584
4294967294,582
4294967294,581
4294967294,580
4294967294,579
4294967294,578
4294967294,577
4294967294,576
4294967294,2
4294967294,566
4294967294,565
4294967294,564
4294967294,563
4294967294,560
4294967294,1175
4294967294,559
4294967294,557
4294967294,1214
4294967294,554
4294967294,552
4294967294,562
4294967294,550
4294967294,549
4294967294,548
4294967294,654
4294967294,640
4294967294,561
4294967294,547
4294967294,652
4294967294,546
4294967294,545
4294967294,544
4294967294,651
4294967294,543
4294967294,642
4294967294,644
4294967294,664
4294967294,541
4294967294,540
4294967294,1215
4294967294,539
4294967294,538
4294967294,658
4294967294,649
4294967294,641
4294967294,661
4294967294,537
4294967294,650
4294967294,814
4294967294,574
4294967294,811
4294967294,647
4294967294,441
4294967294,1618
4294967294,1684
4294967294,1617
4294967294,1615
4294967294,427
4294967294,978
4294967294,1667
4294967294,694
4294967294,1194
4294967294,678
4294967294,1685
4294967294,1612
4294967294,1611
4294967294,1687
4294967294,1609
4294967294,1680
4294967294,1683
4294967294,1678
4294967294,1682
4294967294,1607
4294967294,1464
4294967294,1675
4294967294,1606
4294967294,1670
4294967294,1470
4294967294,1602
4294967294,505
4294967294,514
4294967294,1469
4294967294,1600
4294967294,1668
4294967294,1471
4294967294,423
4294967294,409
4294967294,1665
4294967294,443
4294967294,437
4294967294,2360
4294967294,1466
4294967294,536
4294967294,1171
4294967294,389
4294967294,1458
4294967294,535
4294967294,1434
4294967294,528
4294967294,430
4294967294,125
4294967294,2359
4294967294,1526
4294967294,1525
4294967294,1524
4294967294,1523
4294967294,1522
4294967294,1520
4294967294,1521
4294967294,1519
4294967294,1518
4294967294,1517
4294967294,1516
4294967294,1515
4294967294,1514
4294967294,1513
4294967294,1512
4294967294,1511
4294967294,1510
4294967279,329
4294967278,399
